Honoka
R:28,37,46,284,334,430,494,569,679,749
SR:55,71,107,122,141,176,189,200,245,261,276,319,324,354,374,410,412,422,452,503,527,533,553,561,604,636,639,663,671,730,746,758,768,812,848,867,883,905,1009
SSR:937
UR:79,165,222,346,483,600,708,833,900,980
Eli
R:29,38,47,285,335,431,495,570,680,750
SR:56,103,123,129,152,161,174,177,219,254,262,320,350,364,375,413,439,458,460,480,528,545,551,597,605,645,647,672,705,711,722,776,795,810,821,868,885,962,967,978
SSR:938
UR:94,196,280,330,507,581,659,744,862,1025
Kotori
R:30,39,48,286,336,432,496,571,681,751
SR:57,75,92,131,169,178,182,201,210,255,269,274,277,343,365,369,404,440,453,504,509,535,546,583,586,648,655,677,688,706,759,778,784,813,824,859,886,963,968
SSR:939
UR:88,155,315,378,476,565,634,726,871,1002
Umi
R:31,40,49,287,337,433,497,572,682,752
SR:58,81,86,124,162,184,192,206,246,263,311,317,326,355,394,417,423,461,472,511,536,567,578,587,606,652,656,673,697,723,737,740,796,817,840,860,869,887,988,990,1023
SSR:940
UR:73,145,214,296,415,549,643,782,965
Rin
R:32,41,50,288,338,434,498,573,683,753
SR:59,87,93,125,142,157,185,193,211,247,252,278,312,327,332,356,376,441,448,481,512,547,558,562,588,631,640,669,689,707,724,741,764,769,827,849,865,897,964,1001,1032,1034
SSR:941
UR:105,172,272,408,464,538,666,815,881
Maki
R:33,42,51,289,339,435,499,574,684,754
SR:60,77,99,132,143,167,170,194,220,259,270,282,293,313,344,395,399,405,424,478,482,513,529,548,563,595,598,641,664,674,703,731,742,814,835,841,878,898,906,989
SSR:942,1012
UR:126,187,257,358,456,608,701,772,855
Nozomi
R:34,43,52,290,340,436,500,575,685,755
SR:61,72,104,144,150,163,186,212,224,256,264,294,314,328,360,377,406,454,469,473,505,542,554,564,589,632,657,661,690,698,743,770,774,797,829,850,876,879,902,907,979,1033
SSR:943
UR:101,134,203,367,442,531,650,733,890
Hanayo
R:35,44,53,291,341,437,501,576,686,756
SR:62,78,133,136,153,164,198,202,221,248,279,308,345,366,396,414,428,455,474,506,523,530,579,599,602,607,649,658,695,699,732,780,798,851,857,870,888,903,908,1011
SSR:944,1035
UR:64,180,265,322,426,556,675,761,843
Nico
R:36,45,54,292,342,438,502,577,687,757
SR:63,90,100,154,171,179,195,213,217,267,271,295,321,329,357,392,407,425,462,475,490,537,555,580,628,633,642,665,700,725,728,760,771,842,845,861,880,899,1010,1024
SSR:945,991
UR:66,127,250,397,514,590,692,799,909
